57.4,33.5